[gd_scene load_steps=85 format=2]

[ext_resource path="res://src/characters/zombie/Zombie.cs" type="Script" id=1]
[ext_resource path="res://src/health_systems/hurtbox/HurtBox.tscn" type="PackedScene" id=2]
[ext_resource path="res://src/health_systems/Health.tscn" type="PackedScene" id=3]
[ext_resource path="res://src/characters/zombie/controller/Controller.tscn" type="PackedScene" id=4]
[ext_resource path="res://src/health_systems/hitbox/HitBox.tscn" type="PackedScene" id=5]
[ext_resource path="res://src/characters/zombie/states/chase/Chase.tscn" type="PackedScene" id=6]
[ext_resource path="res://src/characters/zombie/states/attack_player/AttackPlayer.tscn" type="PackedScene" id=7]
[ext_resource path="res://src/characters/zombie/attack_trigger/AttackTrigger.tscn" type="PackedScene" id=8]
[ext_resource path="res://src/characters/zombie/states/move_to_window_attack/MoveToWindowAttack.tscn" type="PackedScene" id=9]
[ext_resource path="res://src/characters/zombie/states/attack_window/AttackWindow.tscn" type="PackedScene" id=10]
[ext_resource path="res://src/characters/zombie/states/climb_through_window/ClimbThroughWindow.tscn" type="PackedScene" id=11]
[ext_resource path="res://src/characters/zombie/states/move_to_window_queue/MoveToWindowQueue.tscn" type="PackedScene" id=12]
[ext_resource path="res://src/characters/zombie/states/queue_at_window/QueueAtWindow.tscn" type="PackedScene" id=13]
[ext_resource path="res://src/characters/zombie/audio/attack_1.mp3" type="AudioStream" id=14]
[ext_resource path="res://src/characters/zombie/audio/attack_2.mp3" type="AudioStream" id=15]
[ext_resource path="res://src/characters/zombie/audio/groan_4.mp3" type="AudioStream" id=16]
[ext_resource path="res://src/characters/zombie/audio/groan_1.mp3" type="AudioStream" id=17]
[ext_resource path="res://src/characters/zombie/audio/groan_2.mp3" type="AudioStream" id=18]
[ext_resource path="res://src/characters/zombie/audio/groan_3.mp3" type="AudioStream" id=19]
[ext_resource path="res://src/characters/zombie/audio/attack_6.mp3" type="AudioStream" id=20]
[ext_resource path="res://src/characters/zombie/audio/attack_3.mp3" type="AudioStream" id=21]
[ext_resource path="res://src/characters/zombie/audio/groan_7.mp3" type="AudioStream" id=22]
[ext_resource path="res://src/characters/zombie/audio/groan_5.mp3" type="AudioStream" id=23]
[ext_resource path="res://src/characters/zombie/audio/attack_5.mp3" type="AudioStream" id=24]
[ext_resource path="res://src/characters/zombie/audio/attack_7.mp3" type="AudioStream" id=25]
[ext_resource path="res://src/characters/zombie/audio/attack_4.mp3" type="AudioStream" id=26]
[ext_resource path="res://src/characters/zombie/audio/groan_6.mp3" type="AudioStream" id=27]
[ext_resource path="res://src/characters/common_components/headshot_death_effect/HeadshotDeathEffect.tscn" type="PackedScene" id=28]
[ext_resource path="res://src/characters/zombie/audio/footstep_rand_pitch.tres" type="AudioStream" id=29]
[ext_resource path="res://src/characters/zombie/model/zombie.material" type="Material" id=30]
[ext_resource path="res://src/characters/zombie/model/death_1.anim" type="Animation" id=31]
[ext_resource path="res://src/characters/zombie/model/attack_player_1.anim" type="Animation" id=32]
[ext_resource path="res://src/characters/zombie/model/idle_1_loop.anim" type="Animation" id=33]
[ext_resource path="res://src/characters/zombie/model/walk_1_loop.anim" type="Animation" id=34]
[ext_resource path="res://src/characters/zombie/model/zombie_body_lod_1.mesh" type="ArrayMesh" id=35]
[ext_resource path="res://src/characters/zombie/model/zombie_neck_stump_lod_1.mesh" type="ArrayMesh" id=36]
[ext_resource path="res://src/characters/zombie/model/zombie_head_lod_1.mesh" type="ArrayMesh" id=37]
[ext_resource path="res://src/lod_system/Switcher.tscn" type="PackedScene" id=38]
[ext_resource path="res://src/lod_system/Target.cs" type="Script" id=39]
[ext_resource path="res://src/characters/zombie/model/zombie_neck_stump_lod_2.mesh" type="ArrayMesh" id=40]
[ext_resource path="res://src/characters/zombie/model/zombie_neck_stump_lod_3.mesh" type="ArrayMesh" id=41]
[ext_resource path="res://src/characters/zombie/model/zombie_body_lod_3.mesh" type="ArrayMesh" id=42]
[ext_resource path="res://src/characters/zombie/model/zombie_body_lod_2.mesh" type="ArrayMesh" id=43]
[ext_resource path="res://src/characters/zombie/model/zombie_head_lod_3.mesh" type="ArrayMesh" id=44]
[ext_resource path="res://src/characters/zombie/model/zombie_head_lod_2.mesh" type="ArrayMesh" id=45]
[ext_resource path="res://src/characters/zombie/states/dead/Dead.tscn" type="PackedScene" id=46]
[ext_resource path="res://src/characters/zombie/model/window_death_in.anim" type="Animation" id=47]
[ext_resource path="res://src/characters/zombie/model/window_death_out.anim" type="Animation" id=48]
[ext_resource path="res://src/characters/zombie/model/attack_window.anim" type="Animation" id=49]
[ext_resource path="res://src/characters/zombie/model/window_climb.anim" type="Animation" id=50]

[sub_resource type="Skin" id=1]
resource_name = "Skin"
bind_count = 40
bind/0/name = "root"
bind/0/bone = -1
bind/0/pose = Transform( 1, -3.89414e-07, 0, 0, 0, 1, -3.89414e-07, -1, 0, 0, 0, 0 )
bind/1/name = "waist"
bind/1/bone = -1
bind/1/pose = Transform( 1, 2.84217e-14, 2.84217e-14, -2.84217e-14, 1, -1.51644e-13, -2.84217e-14, -8.07792e-28, 1, -2.56074e-14, -0.900979, 7.27804e-28 )
bind/2/name = "chest"
bind/2/bone = -1
bind/2/pose = Transform( 1, -1.14794e-41, -2.38419e-07, 3.23117e-27, 1, -1.51644e-13, 2.38419e-07, -4.81482e-35, 1, 6.34639e-15, -1.12427, 1.5131e-21 )
bind/3/name = "neck"
bind/3/bone = -1
bind/3/pose = Transform( 1, 0, -2.38419e-07, 3.23117e-27, 1, -1.51644e-13, 2.38419e-07, 0, 1, 6.34639e-15, -1.46068, 1.5131e-21 )
bind/4/name = "head"
bind/4/bone = -1
bind/4/pose = Transform( 1, 0, 0, 3.23117e-27, 1, -1.51644e-13, 0, 0, 1, 6.34639e-15, -1.52135, -1.61976e-35 )
bind/5/name = "mouth"
bind/5/bone = -1
bind/5/pose = Transform( 1, 1.65604e-06, 9.46309e-07, 2.27374e-13, -0.496138, 0.868243, 1.90735e-06, -0.868244, -0.496138, -2.59607e-06, 0.730604, 1.36109 )
bind/6/name = "arm_upper_L"
bind/6/bone = -1
bind/6/pose = Transform( -0.778483, -0.627666, 1.52178e-06, 0.626649, -0.777222, -0.056898, 0.0357141, -0.0442932, 0.99838, 0.998243, 0.964781, 0.0516333 )
bind/7/name = "arm_lower_L"
bind/7/bone = -1
bind/7/pose = Transform( -0.821707, -0.569904, -0.00273772, 0.566218, -0.816918, 0.10974, -0.0647778, 0.088624, 0.993957, 0.939801, 0.840206, -0.0825355 )
bind/8/name = "wrist_L"
bind/8/bone = -1
bind/8/pose = Transform( -0.830849, -0.55648, 0.00453455, 0.553728, -0.825873, 0.106393, -0.0554605, 0.0909073, 0.994314, 0.929149, 0.650659, -0.0887567 )
bind/9/name = "finger_1_1_L"
bind/9/bone = -1
bind/9/pose = Transform( -0.742618, -0.669712, 0.00229908, 0.663996, -0.735823, 0.132942, -0.087341, 0.100251, 0.991121, 0.987282, 0.293792, -0.119618 )
bind/10/name = "finger_1_2_L"
bind/10/bone = -1
bind/10/pose = Transform( -0.986585, -0.163251, -0.000303776, 0.162887, -0.984505, 0.0649413, -0.0109008, 0.0640207, 0.997889, 0.711807, 0.712256, -0.134989 )
bind/11/name = "finger_2_1_L"
bind/11/bone = -1
bind/11/pose = Transform( -0.704554, -0.70959, 0.00929435, 0.705126, -0.698524, 0.121904, -0.0800098, 0.0924419, 0.992498, 0.999509, 0.238547, -0.0840271 )
bind/12/name = "finger_2_2_L"
bind/12/bone = -1
bind/12/pose = Transform( -0.980588, -0.196076, 0.000966808, 0.195738, -0.978583, 0.063733, -0.0115504, 0.0626851, 0.997966, 0.740164, 0.686521, -0.100243 )
bind/13/name = "finger_3_1_L"
bind/13/bone = -1
bind/13/pose = Transform( -0.707936, -0.706262, 0.00446423, 0.705869, -0.707299, 0.0384363, -0.0239885, 0.0303616, 0.999251, 0.996838, 0.249203, -0.0316883 )
bind/14/name = "finger_3_2_L"
bind/14/bone = -1
bind/14/pose = Transform( -0.97935, -0.202167, 0.00146668, 0.202155, -0.979145, 0.0202337, -0.00265447, 0.0201124, 0.999794, 0.743073, 0.684158, -0.0358595 )
bind/15/name = "finger_4_1_L"
bind/15/bone = -1
bind/15/pose = Transform( -0.766191, -0.642613, -0.000536168, 0.642601, -0.766171, -0.00677916, 0.0039456, -0.00553866, 0.999977, 0.965419, 0.337951, 0.0149837 )
bind/16/name = "finger_4_2_L"
bind/16/bone = -1
bind/16/pose = Transform( -0.981428, -0.191831, 0.000706367, 0.191656, -0.980364, 0.0464167, -0.00821163, 0.0456901, 0.998922, 0.723461, 0.686694, -0.0196431 )
bind/17/name = "thumb_1_L"
bind/17/bone = -1
bind/17/pose = Transform( 0.999886, -0.000508964, 0.015088, -0.0139305, -0.416258, 0.90914, 0.00581768, -0.909246, -0.416217, -0.46054, 0.329153, 0.873917 )
bind/18/name = "thumb_2_L"
bind/18/bone = -1
bind/18/pose = Transform( 0.993767, 0.0216765, -0.109354, 0.0903045, -0.731706, 0.675611, -0.0653701, -0.681275, -0.729103, -0.462559, 0.539634, 0.738154 )
bind/19/name = "arm_upper_R"
bind/19/bone = -1
bind/19/pose = Transform( -0.778483, 0.627666, -1.53109e-06, -0.626649, -0.777222, -0.056898, -0.0357141, -0.0442932, 0.99838, -0.998243, 0.964782, 0.0516333 )
bind/20/name = "arm_lower_R"
bind/20/bone = -1
bind/20/pose = Transform( -0.821707, 0.569904, 0.00273773, -0.566217, -0.816918, 0.10974, 0.0647779, 0.088624, 0.993957, -0.939801, 0.840206, -0.0825355 )
bind/21/name = "wrist_R"
bind/21/bone = -1
bind/21/pose = Transform( -0.830849, 0.55648, -0.00453455, -0.553728, -0.825873, 0.106393, 0.0554606, 0.0909073, 0.994314, -0.929149, 0.650659, -0.0887567 )
bind/22/name = "finger_1_1_R"
bind/22/bone = -1
bind/22/pose = Transform( -0.742617, 0.669712, -0.00229908, -0.663996, -0.735823, 0.132942, 0.087341, 0.100252, 0.991121, -0.987282, 0.293793, -0.119618 )
bind/23/name = "finger_1_2_R"
bind/23/bone = -1
bind/23/pose = Transform( -0.986584, 0.163251, 0.000303751, -0.162887, -0.984505, 0.0649414, 0.0109008, 0.0640207, 0.997889, -0.711807, 0.712256, -0.134989 )
bind/24/name = "finger_2_1_R"
bind/24/bone = -1
bind/24/pose = Transform( -0.704554, 0.70959, -0.00929435, -0.705126, -0.698525, 0.121904, 0.0800098, 0.0924419, 0.992498, -0.999509, 0.238547, -0.0840271 )
bind/25/name = "finger_2_2_R"
bind/25/bone = -1
bind/25/pose = Transform( -0.980588, 0.196076, -0.000966818, -0.195738, -0.978583, 0.063733, 0.0115504, 0.0626851, 0.997966, -0.740164, 0.686521, -0.100243 )
bind/26/name = "finger_3_1_R"
bind/26/bone = -1
bind/26/pose = Transform( -0.707936, 0.706262, -0.00446423, -0.705869, -0.707299, 0.0384363, 0.0239886, 0.0303616, 0.999251, -0.996838, 0.249203, -0.0316883 )
bind/27/name = "finger_3_2_R"
bind/27/bone = -1
bind/27/pose = Transform( -0.97935, 0.202167, -0.00146668, -0.202155, -0.979145, 0.0202337, 0.00265451, 0.0201124, 0.999794, -0.743073, 0.684158, -0.0358595 )
bind/28/name = "finger_4_1_R"
bind/28/bone = -1
bind/28/pose = Transform( -0.766191, 0.642613, 0.00053617, -0.642601, -0.766171, -0.0067792, -0.00394557, -0.00553869, 0.999977, -0.965419, 0.337951, 0.0149837 )
bind/29/name = "finger_4_2_R"
bind/29/bone = -1
bind/29/pose = Transform( -0.981428, 0.191831, -0.000706368, -0.191656, -0.980364, 0.0464167, 0.00821168, 0.04569, 0.998922, -0.723461, 0.686694, -0.019643 )
bind/30/name = "thumb_1_R"
bind/30/bone = -1
bind/30/pose = Transform( 0.999886, 0.000509055, -0.0150879, 0.0139306, -0.416258, 0.90914, -0.00581765, -0.909247, -0.416217, 0.46054, 0.329153, 0.873917 )
bind/31/name = "thumb_2_R"
bind/31/bone = -1
bind/31/pose = Transform( 0.993766, -0.0216765, 0.109354, -0.0903044, -0.731706, 0.675611, 0.0653701, -0.681275, -0.729103, 0.462559, 0.539634, 0.738154 )
bind/32/name = "leg_upper_L"
bind/32/bone = -1
bind/32/pose = Transform( -0.996341, -0.0852933, -7.79962e-05, 0.0852419, -0.995789, 0.033744, -0.00294379, 0.0336147, 0.999428, 0.154926, 0.848026, -0.0304203 )
bind/33/name = "leg_lower_L"
bind/33/bone = -1
bind/33/pose = Transform( -0.997729, -0.0671293, 0.000162349, 0.0667267, -0.992042, -0.106766, 0.0073401, -0.106514, 0.994282, 0.14623, 0.477356, 0.0367671 )
bind/34/name = "foot_L"
bind/34/bone = -1
bind/34/pose = Transform( -0.995157, -0.0657926, 0.0728144, 0.0870703, -0.249461, 0.964461, -0.0452872, 0.966147, 0.253984, 0.147842, 0.0370311, -0.0697481 )
bind/35/name = "toes_L"
bind/35/bone = -1
bind/35/pose = Transform( -0.994495, -0.0565473, 0.0880396, 0.0881916, 2.45865e-07, 0.996102, -0.0563268, 0.9984, 0.00498644, 0.145298, -0.146556, -0.0362558 )
bind/36/name = "leg_upper_R"
bind/36/bone = -1
bind/36/pose = Transform( -0.996341, 0.0852933, 7.79962e-05, -0.0852419, -0.995789, 0.033744, 0.00294379, 0.0336147, 0.999428, -0.154926, 0.848026, -0.0304203 )
bind/37/name = "leg_lower_R"
bind/37/bone = -1
bind/37/pose = Transform( -0.997729, 0.0671293, -0.000162349, -0.0667267, -0.992042, -0.106766, -0.0073401, -0.106514, 0.994282, -0.14623, 0.477356, 0.0367671 )
bind/38/name = "foot_R"
bind/38/bone = -1
bind/38/pose = Transform( -0.995157, 0.0657926, -0.0728144, -0.0870703, -0.249461, 0.964461, 0.0452872, 0.966147, 0.253984, -0.147842, 0.0370311, -0.0697481 )
bind/39/name = "toes_R"
bind/39/bone = -1
bind/39/pose = Transform( -0.994495, 0.0565473, -0.0880396, -0.0881916, 2.45865e-07, 0.996102, 0.0563268, 0.9984, 0.00498644, -0.145298, -0.146556, -0.0362558 )

[sub_resource type="BoxShape" id=23]
extents = Vector3( 0.152, 0.11, 0.117 )

[sub_resource type="BoxShape" id=30]
extents = Vector3( 0.152, 0.16, 0.117 )

[sub_resource type="BoxShape" id=31]
extents = Vector3( 0.089, 0.113, 0.117 )

[sub_resource type="BoxShape" id=57]
extents = Vector3( 0.0464446, 0.121002, 0.0473518 )

[sub_resource type="BoxShape" id=58]
extents = Vector3( 0.0617129, 0.190607, 0.0627039 )

[sub_resource type="CylinderShape" id=24]
height = 1.60134
radius = 0.43

[sub_resource type="CapsuleShape" id=9]
radius = 0.3
height = 1.2

[sub_resource type="BoxShape" id=25]
extents = Vector3( 0.50236, 0.175001, 0.35013 )

[sub_resource type="AnimationNodeAnimation" id=32]
animation = "attack_player_1"

[sub_resource type="AnimationNodeAnimation" id=47]
animation = "attack_window"

[sub_resource type="AnimationNodeAnimation" id=33]
animation = "death_1"

[sub_resource type="AnimationNodeAnimation" id=34]
animation = "idle_1_loop"

[sub_resource type="AnimationNodeAnimation" id=35]
animation = "walk_1_loop"

[sub_resource type="AnimationNodeAnimation" id=48]
animation = "window_climb"

[sub_resource type="AnimationNodeAnimation" id=49]
animation = "window_death_in"

[sub_resource type="AnimationNodeAnimation" id=50]
animation = "window_death_out"

[sub_resource type="AnimationNodeStateMachineTransition" id=36]
xfade_time = 0.2

[sub_resource type="AnimationNodeStateMachineTransition" id=37]
xfade_time = 0.2

[sub_resource type="AnimationNodeStateMachineTransition" id=38]
xfade_time = 0.2

[sub_resource type="AnimationNodeStateMachineTransition" id=39]
xfade_time = 0.1

[sub_resource type="AnimationNodeStateMachineTransition" id=40]
xfade_time = 0.2

[sub_resource type="AnimationNodeStateMachineTransition" id=41]
xfade_time = 0.2

[sub_resource type="AnimationNodeStateMachineTransition" id=44]
switch_mode = 2
auto_advance = true
xfade_time = 0.2

[sub_resource type="AnimationNodeStateMachineTransition" id=45]
xfade_time = 0.1

[sub_resource type="AnimationNodeStateMachineTransition" id=46]
xfade_time = 0.2

[sub_resource type="AnimationNodeStateMachineTransition" id=51]
xfade_time = 0.2

[sub_resource type="AnimationNodeStateMachineTransition" id=52]
xfade_time = 0.2

[sub_resource type="AnimationNodeStateMachineTransition" id=53]
xfade_time = 0.2

[sub_resource type="AnimationNodeStateMachineTransition" id=54]

[sub_resource type="AnimationNodeStateMachineTransition" id=55]
switch_mode = 2
auto_advance = true

[sub_resource type="AnimationNodeStateMachineTransition" id=56]
xfade_time = 0.2

[sub_resource type="AnimationNodeStateMachine" id=42]
states/attack_player/node = SubResource( 32 )
states/attack_player/position = Vector2( 693, 108 )
states/attack_window/node = SubResource( 47 )
states/attack_window/position = Vector2( 5, -42 )
states/dead/node = SubResource( 33 )
states/dead/position = Vector2( 412, -36 )
states/idle/node = SubResource( 34 )
states/idle/position = Vector2( 229, 108 )
states/walk/node = SubResource( 35 )
states/walk/position = Vector2( 412, 248 )
states/window_climb/node = SubResource( 48 )
states/window_climb/position = Vector2( 56, 213 )
states/window_death_in/node = SubResource( 49 )
states/window_death_in/position = Vector2( -207, 134 )
states/window_death_out/node = SubResource( 50 )
states/window_death_out/position = Vector2( -207, 327 )
transitions = [ "idle", "walk", SubResource( 36 ), "walk", "attack_player", SubResource( 37 ), "attack_player", "walk", SubResource( 38 ), "walk", "dead", SubResource( 39 ), "attack_player", "dead", SubResource( 40 ), "idle", "dead", SubResource( 41 ), "attack_player", "idle", SubResource( 44 ), "idle", "attack_player", SubResource( 45 ), "walk", "idle", SubResource( 46 ), "window_climb", "window_death_in", SubResource( 51 ), "window_climb", "window_death_out", SubResource( 52 ), "idle", "window_climb", SubResource( 53 ), "idle", "attack_window", SubResource( 54 ), "attack_window", "idle", SubResource( 55 ), "window_climb", "idle", SubResource( 56 ) ]
start_node = "idle"
graph_offset = Vector2( -323, 52 )

[sub_resource type="AnimationNodeStateMachinePlayback" id=43]

[node name="Zombie" type="KinematicBody"]
pause_mode = 1
collision_layer = 4
collision_mask = 7
script = ExtResource( 1 )
_audioStreamsGroan = [ ExtResource( 17 ), ExtResource( 18 ), ExtResource( 19 ), ExtResource( 16 ), ExtResource( 23 ), ExtResource( 27 ), ExtResource( 22 ) ]
_audioStreamsAttack = [ ExtResource( 14 ), ExtResource( 15 ), ExtResource( 21 ), ExtResource( 26 ), ExtResource( 24 ), ExtResource( 25 ), ExtResource( 20 ) ]

[node name="Controller" parent="." instance=ExtResource( 4 )]
_initialStateNodePath = NodePath("MoveToWindowQueue")

[node name="MoveToWindowQueue" parent="Controller" instance=ExtResource( 12 )]

[node name="QueueAtWindow" parent="Controller" instance=ExtResource( 13 )]

[node name="MoveToWindowAttack" parent="Controller" instance=ExtResource( 9 )]

[node name="AttackWindow" parent="Controller" instance=ExtResource( 10 )]

[node name="ClimbThroughWindow" parent="Controller" instance=ExtResource( 11 )]

[node name="Chase" parent="Controller" instance=ExtResource( 6 )]
_speed = 2.75

[node name="AttackPlayer" parent="Controller" instance=ExtResource( 7 )]

[node name="Dead" parent="Controller" instance=ExtResource( 46 )]

[node name="LODSwitcher" parent="." instance=ExtResource( 38 )]
_targetNodePaths = [ NodePath("../Body/Armature/Skeleton/Body"), NodePath("../Body/Armature/Skeleton/Head"), NodePath("../Body/Armature/Skeleton/NeckStump") ]
_lodDistance3 = 10.0
_pollWaitTime = 0.5

[node name="VisibilityNotifier" type="VisibilityNotifier" parent="."]
transform = Transform( 1, 0, -3.89414e-07, 2.84217e-14, 1, 4.37114e-08, 3.89414e-07, -4.37114e-08, 1, 3.38401e-07, 0.869, -0.128162 )
aabb = AABB( -0.39035, -0.874673, -0.324774, 0.780699, 1.74934, 0.649549 )

[node name="NavigationAgent" type="NavigationAgent" parent="."]
path_desired_distance = 0.1
target_desired_distance = 0.1

[node name="Body" type="Spatial" parent="."]
transform = Transform( -1, 0, -8.74228e-08, 0, 1, 0, 8.74228e-08, 0, -1, 0, 0, 0 )

[node name="Armature" type="Spatial" parent="Body"]

[node name="Skeleton" type="Skeleton" parent="Body/Armature"]
bones/0/name = "root"
bones/0/parent = -1
bones/0/rest = Transform( 1, 0, -3.89414e-07, -3.89414e-07, 0, -1, 0, 1, 0, 0, 0, 0 )
bones/0/enabled = true
bones/0/bound_children = [  ]
bones/1/name = "waist"
bones/1/parent = 0
bones/1/rest = Transform( 1, -3.87367e-07, 3.98762e-08, 2.84217e-14, 0.1024, 0.994743, -3.89414e-07, -0.994743, 0.1024, -3.45546e-07, 2.20207e-29, -0.887349 )
bones/1/enabled = true
bones/1/bound_children = [  ]
bones/2/name = "chest"
bones/2/parent = 1
bones/2/rest = Transform( 0.999763, 0.0217748, 0.000754619, -0.0216734, 0.990365, 0.136773, 0.00223085, -0.136756, 0.990602, -2.38228e-21, 0.223294, 5.58794e-09 )
bones/2/enabled = true
bones/2/bound_children = [  ]
bones/3/name = "neck"
bones/3/parent = 2
bones/3/rest = Transform( 0.998659, -0.0517317, 0.00213129, 0.0517446, 0.995789, -0.0756786, 0.00179267, 0.0756873, 0.99713, -8.47754e-10, 0.336411, 3.99723e-10 )
bones/3/enabled = true
bones/3/bound_children = [  ]
bones/4/name = "head"
bones/4/parent = 3
bones/4/rest = Transform( 0.999742, -0.0225305, 0.0029016, 0.0226973, 0.995969, -0.0867731, -0.000934865, 0.0868166, 0.996224, 3.78206e-09, 0.06067, 9.20409e-10 )
bones/4/enabled = true
bones/4/bound_children = [  ]
bones/5/name = "mouth"
bones/5/parent = 4
bones/5/rest = Transform( 1, -4.67435e-09, 1.90647e-06, 1.65296e-06, -0.496138, -0.868244, 9.4993e-07, 0.868243, -0.496139, 1.02321e-08, 0.0228807, 0.0409444 )
bones/5/enabled = true
bones/5/bound_children = [  ]
bones/6/name = "arm_upper_L"
bones/6/parent = 2
bones/6/rest = Transform( -0.833217, 0.217325, 0.508446, -0.415545, -0.852734, -0.316492, 0.364788, -0.474989, 0.800821, 0.170692, 0.254426, 0.003343 )
bones/6/enabled = true
bones/6/bound_children = [  ]
bones/7/name = "arm_lower_L"
bones/7/parent = 6
bones/7/rest = Transform( 0.80077, 0.383967, -0.459714, -0.383235, -0.261408, -0.885887, -0.460325, 0.885571, -0.062178, 5.7742e-08, 0.192234, -1.11759e-08 )
bones/7/enabled = true
bones/7/bound_children = [  ]
bones/8/name = "wrist_L"
bones/8/parent = 7
bones/8/rest = Transform( 0.681497, 0.42654, -0.594664, -0.542479, 0.839848, -0.0192862, 0.491201, 0.335736, 0.803743, 1.58325e-08, 0.204192, 1.04308e-07 )
bones/8/enabled = true
bones/8/bound_children = [  ]
bones/9/name = "finger_1_1_L"
bones/9/parent = 8
bones/9/rest = Transform( 0.718148, 0.695565, 0.0212736, -0.695099, 0.718454, -0.0257099, -0.033167, 0.00367629, 0.999443, -0.0009709, 0.219589, 0.0396374 )
bones/9/enabled = true
bones/9/bound_children = [  ]
bones/10/name = "finger_1_2_L"
bones/10/parent = 9
bones/10/rest = Transform( 0.743949, 0.667446, -0.0324861, -0.663851, 0.743753, 0.078315, 0.0764327, -0.0366965, 0.996399, -3.1665e-08, 0.0860266, -8.19564e-08 )
bones/10/enabled = true
bones/10/bound_children = [  ]
bones/11/name = "finger_2_1_L"
bones/11/parent = 8
bones/11/rest = Transform( 0.755847, 0.654457, 0.0195347, -0.654285, 0.756098, -0.0150543, -0.0246225, -0.00140253, 0.999696, 0.000754707, 0.21942, 0.00694319 )
bones/11/enabled = true
bones/11/bound_children = [  ]
bones/12/name = "finger_2_2_L"
bones/12/parent = 11
bones/12/rest = Transform( 0.729144, 0.683825, -0.0270673, -0.681033, 0.728926, 0.0697251, 0.0674098, -0.0324058, 0.997199, -3.72529e-08, 0.086482, -9.59262e-08 )
bones/12/enabled = true
bones/12/bound_children = [  ]
bones/13/name = "finger_3_1_L"
bones/13/parent = 8
bones/13/rest = Transform( 0.753348, 0.657578, 0.00756652, -0.656464, 0.75129, 0.0679552, 0.0390012, -0.056161, 0.99766, 0.00125025, 0.217055, -0.020422 )
bones/13/enabled = true
bones/13/bound_children = [  ]
bones/14/name = "finger_3_2_L"
bones/14/parent = 13
bones/14/rest = Transform( 0.736535, 0.676354, -0.00786207, -0.676077, 0.736493, 0.0223292, 0.0208928, -0.0111308, 0.99972, -4.09782e-08, 0.0854183, 1.86265e-08 )
bones/14/enabled = true
bones/14/bound_children = [  ]
bones/15/name = "finger_4_1_L"
bones/15/parent = 8
bones/15/rest = Transform( 0.694001, 0.719961, 0.0043386, -0.715685, 0.689197, 0.113149, 0.078473, -0.0816309, 0.993568, 0.00410911, 0.207217, -0.0492982 )
bones/15/enabled = true
bones/15/bound_children = [  ]
bones/16/name = "finger_4_2_L"
bones/16/parent = 15
bones/16/rest = Transform( 0.785709, 0.618146, -0.023605, -0.618507, 0.784369, -0.0470551, -0.0105719, 0.0515714, 0.998613, -3.1665e-08, 0.0868118, -1.45286e-07 )
bones/16/enabled = true
bones/16/bound_children = [  ]
bones/17/name = "thumb_1_L"
bones/17/parent = 8
bones/17/rest = Transform( -0.711129, 0.693508, -0.115505, 0.2191, 0.37471, 0.900881, 0.66805, 0.615336, -0.418415, 0.0289959, 0.143764, 0.0414377 )
bones/17/enabled = true
bones/17/bound_children = [  ]
bones/18/name = "thumb_2_L"
bones/18/parent = 17
bones/18/rest = Transform( 0.906268, 0.274909, 0.321097, -0.033594, 0.804067, -0.593589, -0.421366, 0.527164, 0.737935, 2.6077e-08, 0.0567376, 7.45058e-09 )
bones/18/enabled = true
bones/18/bound_children = [  ]
bones/19/name = "arm_upper_R"
bones/19/parent = 2
bones/19/rest = Transform( -0.823667, -0.24857, -0.509691, 0.363837, -0.921067, -0.138772, -0.434966, -0.299746, 0.849092, -0.170692, 0.254426, 0.00334292 )
bones/19/enabled = true
bones/19/bound_children = [  ]
bones/20/name = "arm_lower_R"
bones/20/parent = 19
bones/20/rest = Transform( 0.849545, -0.397352, 0.346965, 0.396595, 0.0474095, -0.916768, 0.347831, 0.91644, 0.197864, -1.25729e-07, 0.192234, -2.6077e-08 )
bones/20/enabled = true
bones/20/bound_children = [  ]
bones/21/name = "wrist_R"
bones/21/parent = 20
bones/21/rest = Transform( 0.758026, -0.364005, 0.541199, 0.457701, 0.888027, -0.0437982, -0.464657, 0.280908, 0.839753, 1.30385e-08, 0.204192, 5.58794e-08 )
bones/21/enabled = true
bones/21/bound_children = [  ]
bones/22/name = "finger_1_1_R"
bones/22/parent = 21
bones/22/rest = Transform( 0.718148, -0.695565, -0.0212736, 0.695099, 0.718454, -0.0257099, 0.033167, 0.00367632, 0.999443, 0.00097084, 0.219589, 0.0396374 )
bones/22/enabled = true
bones/22/bound_children = [  ]
bones/23/name = "finger_1_2_R"
bones/23/parent = 22
bones/23/rest = Transform( 0.474953, -0.879411, 0.032486, 0.875961, 0.475983, 0.0783152, -0.0843341, -0.00873961, 0.996399, 3.72529e-09, 0.0860265, -3.53903e-08 )
bones/23/enabled = true
bones/23/bound_children = [  ]
bones/24/name = "finger_2_1_R"
bones/24/parent = 21
bones/24/rest = Transform( 0.755847, -0.654457, -0.0195346, 0.654285, 0.756098, -0.0150542, 0.0246224, -0.0014025, 0.999696, -0.000754736, 0.21942, 0.00694318 )
bones/24/enabled = true
bones/24/bound_children = [  ]
bones/25/name = "finger_2_2_R"
bones/25/parent = 24
bones/25/rest = Transform( 0.455487, -0.88983, 0.0270673, 0.887128, 0.456225, 0.069725, -0.0743922, -0.00774666, 0.997199, 1.49012e-08, 0.0864821, 7.45058e-08 )
bones/25/enabled = true
bones/25/bound_children = [  ]
bones/26/name = "finger_3_1_R"
bones/26/parent = 21
bones/26/rest = Transform( 0.753348, -0.657578, -0.00756645, 0.656464, 0.75129, 0.0679552, -0.0390013, -0.0561611, 0.99766, -0.00125023, 0.217055, -0.0204221 )
bones/26/enabled = true
bones/26/bound_children = [  ]
bones/27/name = "finger_3_2_R"
bones/27/parent = 26
bones/27/rest = Transform( 0.464967, -0.885293, 0.00786209, 0.885018, 0.465021, 0.0223291, -0.0234239, -0.00342421, 0.99972, -6.70552e-08, 0.0854183, 1.11759e-08 )
bones/27/enabled = true
bones/27/bound_children = [  ]
bones/28/name = "finger_4_1_R"
bones/28/parent = 21
bones/28/rest = Transform( 0.694001, -0.719961, -0.00433857, 0.715684, 0.689197, 0.113149, -0.078473, -0.0816309, 0.993568, -0.00410908, 0.207217, -0.0492982 )
bones/28/enabled = true
bones/28/bound_children = [  ]
bones/29/name = "finger_4_2_R"
bones/29/parent = 28
bones/29/rest = Transform( 0.530904, -0.847103, 0.0236049, 0.84699, 0.529522, -0.0470551, 0.0273612, 0.0449748, 0.998613, -3.72529e-09, 0.0868118, -2.98023e-08 )
bones/29/enabled = true
bones/29/bound_children = [  ]
bones/30/name = "thumb_1_R"
bones/30/parent = 21
bones/30/rest = Transform( -0.711129, -0.693508, 0.115505, -0.2191, 0.374711, 0.900881, -0.66805, 0.615336, -0.418415, -0.0289959, 0.143764, 0.0414376 )
bones/30/enabled = true
bones/30/bound_children = [  ]
bones/31/name = "thumb_2_R"
bones/31/parent = 30
bones/31/rest = Transform( 0.906268, -0.274909, -0.321097, 0.033594, 0.804067, -0.593589, 0.421366, 0.527164, 0.737935, 1.49012e-08, 0.0567377, -2.23517e-08 )
bones/31/enabled = true
bones/31/bound_children = [  ]
bones/32/name = "leg_upper_L"
bones/32/parent = 1
bones/32/rest = Transform( -0.982484, 0.159786, -0.0963274, -0.174654, -0.96923, 0.173471, -0.0656476, 0.187246, 0.980125, 0.0819856, -0.0422875, 0.00179805 )
bones/32/enabled = true
bones/32/bound_children = [  ]
bones/33/name = "leg_lower_L"
bones/33/parent = 32
bones/33/rest = Transform( 0.996499, -0.083489, -0.00458066, 0.0808456, 0.948068, 0.30762, -0.0213401, -0.306912, 0.951499, 3.49246e-09, 0.372972, -7.45058e-09 )
bones/33/enabled = true
bones/33/bound_children = [  ]
bones/34/name = "foot_L"
bones/34/parent = 33
bones/34/rest = Transform( 0.938077, -0.345486, -0.025506, 0.0282814, 0.149755, -0.988319, 0.34527, 0.926398, 0.150253, 7.45058e-09, 0.404155, -9.31323e-10 )
bones/34/enabled = true
bones/34/bound_children = [  ]
bones/35/name = "toes_L"
bones/35/parent = 34
bones/35/rest = Transform( 0.999291, -0.0262902, -0.0269553, 0.0121037, 0.902174, -0.431202, 0.0356548, 0.43057, 0.901852, -2.79397e-08, 0.168113, -1.86265e-09 )
bones/35/enabled = true
bones/35/bound_children = [  ]
bones/36/name = "leg_upper_R"
bones/36/parent = 1
bones/36/rest = Transform( -0.999752, -0.0100651, 0.0220102, 0.0169516, -0.940301, 0.339924, 0.0172755, 0.340196, 0.940203, -0.0819856, -0.0422875, 0.00179805 )
bones/36/enabled = true
bones/36/bound_children = [  ]
bones/37/name = "leg_lower_R"
bones/37/parent = 36
bones/37/rest = Transform( 0.990256, 0.137884, 0.0196013, -0.134044, 0.905405, 0.402833, 0.0377972, -0.401533, 0.915065, -6.40284e-09, 0.372972, -1.234e-08 )
bones/37/enabled = true
bones/37/bound_children = [  ]
bones/38/name = "foot_R"
bones/38/parent = 37
bones/38/rest = Transform( 0.98347, 0.181035, -0.00350348, -0.0245003, 0.113877, -0.993193, -0.179404, 0.976861, 0.11643, 3.66708e-09, 0.404155, 6.8685e-09 )
bones/38/enabled = true
bones/38/bound_children = [  ]
bones/39/name = "toes_R"
bones/39/parent = 38
bones/39/rest = Transform( 0.999264, 0.0264691, 0.0277522, -0.0117876, 0.900588, -0.434515, -0.0364945, 0.433868, 0.900237, -2.42144e-08, 0.168113, 1.86265e-09 )
bones/39/enabled = true
bones/39/bound_children = [  ]

[node name="Body" type="MeshInstance" parent="Body/Armature/Skeleton"]
mesh = ExtResource( 35 )
skin = SubResource( 1 )
material/0 = ExtResource( 30 )
script = ExtResource( 39 )
_lodMesh2 = ExtResource( 43 )
_lodMesh3 = ExtResource( 42 )

[node name="Head" type="MeshInstance" parent="Body/Armature/Skeleton"]
mesh = ExtResource( 37 )
skin = SubResource( 1 )
material/0 = ExtResource( 30 )
script = ExtResource( 39 )
_lodMesh2 = ExtResource( 45 )
_lodMesh3 = ExtResource( 44 )

[node name="NeckStump" type="MeshInstance" parent="Body/Armature/Skeleton"]
visible = false
mesh = ExtResource( 36 )
skin = SubResource( 1 )
material/0 = ExtResource( 30 )
script = ExtResource( 39 )
_lodMesh2 = ExtResource( 40 )
_lodMesh3 = ExtResource( 41 )

[node name="BoneAttachWaist" type="BoneAttachment" parent="Body/Armature/Skeleton"]
transform = Transform( 1, -1.42109e-13, 1.98952e-13, 0, 0.994109, -0.108379, 3.93407e-14, 0.108379, 0.994109, 0.0120512, 0.872943, 0.00175761 )
bone_name = "waist"

[node name="HurtBox" parent="Body/Armature/Skeleton/BoneAttachWaist" instance=ExtResource( 2 )]
transform = Transform( -1, 2.75335e-14, 8.74228e-08, -8.95208e-09, 0.994743, -0.1024, -8.69632e-08, -0.1024, -0.994743, 0, 0.112, -0.006 )
_damageLayers = 2

[node name="CollisionShape" type="CollisionShape" parent="Body/Armature/Skeleton/BoneAttachWaist/HurtBox"]
shape = SubResource( 23 )

[node name="BoneAttachChest" type="BoneAttachment" parent="Body/Armature/Skeleton"]
transform = Transform( 0.997836, -0.0461508, -0.046841, 0.049357, 0.99634, 0.0697746, 0.0434494, -0.0719347, 0.996462, 0.0120512, 1.09492, 0.025958 )
bone_name = "chest"

[node name="HurtBox" parent="Body/Armature/Skeleton/BoneAttachChest" instance=ExtResource( 2 )]
transform = Transform( -1, 2.75335e-14, 8.74228e-08, -8.95208e-09, 0.994743, -0.1024, -8.69632e-08, -0.1024, -0.994743, 0, 0.18, 0 )
_damageLayers = 2

[node name="CollisionShape" type="CollisionShape" parent="Body/Armature/Skeleton/BoneAttachChest/HurtBox"]
shape = SubResource( 30 )

[node name="BoneAttachHead" type="BoneAttachment" parent="Body/Armature/Skeleton"]
transform = Transform( 0.966959, -0.150381, -0.205857, 0.133557, 0.986629, -0.0933954, 0.21715, 0.0628166, 0.974114, -0.00941455, 1.49048, 0.00215825 )
bone_name = "head"

[node name="HurtBox" parent="Body/Armature/Skeleton/BoneAttachHead" instance=ExtResource( 2 )]
transform = Transform( -1, 2.75335e-14, 8.74228e-08, -8.95208e-09, 0.994743, -0.1024, -8.69632e-08, -0.1024, -0.994743, 0, 0.098, 0 )
_isCritical = true
_damageLayers = 2

[node name="CollisionShape" type="CollisionShape" parent="Body/Armature/Skeleton/BoneAttachHead/HurtBox"]
shape = SubResource( 31 )

[node name="HeadshotDeathEffect" parent="Body/Armature/Skeleton/BoneAttachHead" instance=ExtResource( 28 )]

[node name="BoneAttachArmUpperL" type="BoneAttachment" parent="Body/Armature/Skeleton"]
transform = Transform( -0.805362, 0.266096, 0.529702, -0.419976, -0.886759, -0.19307, 0.418343, -0.377954, 0.825916, 0.170475, 1.35707, 0.0184037 )
bone_name = "arm_upper_L"

[node name="HurtBox" parent="Body/Armature/Skeleton/BoneAttachArmUpperL" instance=ExtResource( 2 )]
transform = Transform( -1, 2.75335e-14, 8.74228e-08, -8.95208e-09, 0.994743, -0.1024, -8.69632e-08, -0.1024, -0.994743, 0, 0.098, 0 )
_isCritical = true
_damageLayers = 2

[node name="CollisionShape" type="CollisionShape" parent="Body/Armature/Skeleton/BoneAttachArmUpperL/HurtBox"]
transform = Transform( 1, -5.96046e-08, 2.38419e-07, 1.49012e-07, 1, 1.78814e-07, 2.38419e-07, -5.96046e-08, 1, 1.19209e-07, -0.0506938, 1.49012e-07 )
shape = SubResource( 57 )

[node name="BoneAttachArmUpperR" type="BoneAttachment" parent="Body/Armature/Skeleton"]
transform = Transform( -0.841554, -0.306444, -0.444835, 0.391042, -0.913736, -0.110318, -0.372656, -0.266789, 0.888792, -0.17017, 1.34022, 0.00357063 )
bone_name = "arm_upper_R"

[node name="HurtBox" parent="Body/Armature/Skeleton/BoneAttachArmUpperR" instance=ExtResource( 2 )]
transform = Transform( -1, 2.75335e-14, 8.74228e-08, -8.95208e-09, 0.994743, -0.1024, -8.69632e-08, -0.1024, -0.994743, 0, 0.098, 0 )
_isCritical = true
_damageLayers = 2

[node name="CollisionShape" type="CollisionShape" parent="Body/Armature/Skeleton/BoneAttachArmUpperR/HurtBox"]
transform = Transform( 1, -5.96046e-08, 2.38419e-07, 1.49012e-07, 1, 1.78814e-07, 2.38419e-07, -5.96046e-08, 1, 1.19209e-07, -0.0506938, 1.49012e-07 )
shape = SubResource( 57 )

[node name="BoneAttachLegUpperL" type="BoneAttachment" parent="Body/Armature/Skeleton"]
transform = Transform( -0.988365, 0.112473, -0.102821, -0.128878, -0.976982, 0.169992, -0.0813382, 0.181257, 0.980073, 0.0940368, 0.83071, -0.00103801 )
bone_name = "leg_upper_L"

[node name="HurtBox" parent="Body/Armature/Skeleton/BoneAttachLegUpperL" instance=ExtResource( 2 )]
transform = Transform( -1, 2.75335e-14, 8.74228e-08, -8.95208e-09, 0.994743, -0.1024, -8.69632e-08, -0.1024, -0.994743, 0, 0.098, 0 )
_isCritical = true
_damageLayers = 2

[node name="CollisionShape" type="CollisionShape" parent="Body/Armature/Skeleton/BoneAttachLegUpperL/HurtBox"]
transform = Transform( 1, -6.0536e-08, 2.08616e-07, 1.74157e-07, 1, 1.78814e-07, 2.38419e-07, -5.96046e-08, 1, 4.61936e-07, 0.0694295, 1.15484e-07 )
shape = SubResource( 58 )

[node name="BoneAttachLegUpperR" type="BoneAttachment" parent="Body/Armature/Skeleton"]
transform = Transform( -0.999954, -0.0120795, -0.00605174, 0.00963397, -0.951486, 0.307542, -0.0094713, 0.307456, 0.951522, -0.0699344, 0.83071, -0.00103801 )
bone_name = "leg_upper_R"

[node name="HurtBox" parent="Body/Armature/Skeleton/BoneAttachLegUpperR" instance=ExtResource( 2 )]
transform = Transform( -1, 2.75335e-14, 8.74228e-08, -8.95208e-09, 0.994743, -0.1024, -8.69632e-08, -0.1024, -0.994743, 0, 0.098, 0 )
_isCritical = true
_damageLayers = 2

[node name="CollisionShape" type="CollisionShape" parent="Body/Armature/Skeleton/BoneAttachLegUpperR/HurtBox"]
transform = Transform( 1, -6.0536e-08, 2.08616e-07, 1.74157e-07, 1, 1.78814e-07, 2.38419e-07, -5.96046e-08, 1, 4.61936e-07, 0.0694295, 1.15484e-07 )
shape = SubResource( 58 )

[node name="AudioFootstep" type="AudioStreamPlayer3D" parent="Body/Armature"]
stream = ExtResource( 29 )
unit_db = -21.5836
unit_size = 6.0

[node name="AnimationPlayer" type="AnimationPlayer" parent="Body"]
playback_process_mode = 0
anims/attack_player_1 = ExtResource( 32 )
anims/attack_window = ExtResource( 49 )
anims/death_1 = ExtResource( 31 )
anims/idle_1_loop = ExtResource( 33 )
anims/walk_1_loop = ExtResource( 34 )
anims/window_climb = ExtResource( 50 )
anims/window_death_in = ExtResource( 47 )
anims/window_death_out = ExtResource( 48 )

[node name="AttackTrigger" parent="." instance=ExtResource( 8 )]
visible = false

[node name="CollisionShape" type="CollisionShape" parent="AttackTrigger"]
transform = Transform( 1, 0, 0, 0, 1, 0, 0, 0, 1, 0, 0.895783, 0 )
shape = SubResource( 24 )

[node name="CollisionShape" type="CollisionShape" parent="."]
transform = Transform( 1, 0, 0, 0, -4.37114e-08, 1, 0, -1, -4.37114e-08, 0, 0.9, 0 )
shape = SubResource( 9 )

[node name="Health" parent="." instance=ExtResource( 3 )]
_regenRate = 0.0
_hurtBoxNodePaths = [ NodePath("../Body/Armature/Skeleton/BoneAttachWaist/HurtBox"), NodePath("../Body/Armature/Skeleton/BoneAttachChest/HurtBox"), NodePath("../Body/Armature/Skeleton/BoneAttachHead/HurtBox"), NodePath("../Body/Armature/Skeleton/BoneAttachArmUpperL/HurtBox"), NodePath("../Body/Armature/Skeleton/BoneAttachArmUpperR/HurtBox"), NodePath("../Body/Armature/Skeleton/BoneAttachLegUpperL/HurtBox"), NodePath("../Body/Armature/Skeleton/BoneAttachLegUpperR/HurtBox") ]

[node name="HitBox" parent="." instance=ExtResource( 5 )]
transform = Transform( 1, 0, 0, 0, 1, 0, 0, 0, 1, 0, 1.17979, -0.342518 )
visible = false
_damage = 26
_damageLayers = 1

[node name="CollisionShape" type="CollisionShape" parent="HitBox"]
shape = SubResource( 25 )

[node name="AudioStreamPlayer3D" type="AudioStreamPlayer3D" parent="."]
transform = Transform( 1, 0, 0, 0, 1, 0, 0, 0, 1, 0, 1.34748, 0 )
unit_db = -6.0
unit_size = 4.0
bus = "SoundEffects"

[node name="AnimationTree" type="AnimationTree" parent="."]
tree_root = SubResource( 42 )
anim_player = NodePath("../Body/AnimationPlayer")
active = true
process_mode = 0
root_motion_track = NodePath("Armature/Skeleton:root")
parameters/playback = SubResource( 43 )
